X_train:
[[ 0.64625198  0.59378064 -0.04612556 ...  0.77728844  0.38108724
   0.02267506]
 [ 0.62505639  0.53799582 -0.06031008 ...  0.78614211  0.28452429
   0.01950593]
 [ 0.68450755  0.5228259  -0.06217999 ...  0.82146275  0.28236058
   0.04952741]
 ...
 [ 0.73084182  0.48233512 -0.05393007 ...  0.88562495  0.25992152
   0.01519378]
 [ 0.66479743  0.35099146 -0.06268592 ...  0.82003033  0.12411583
   0.0270207 ]
 [ 0.67021132  0.33611399 -0.06474164 ...  0.8277151   0.09440134
   0.02887086]]
X_val:
[[ 0.5761131   0.49820817 -0.06253994 ...  0.75234753  0.2494904
   0.00675176]
 [ 0.71377444  0.62520385 -0.05518968 ...  0.91110969  0.33597392
  -0.00298719]
 [ 0.56071329  0.61286485 -0.04690251 ...  0.72651488  0.3398211
  -0.0079324 ]
 ...
 [ 0.70525491  0.49077797 -0.06629643 ...  0.83208203  0.28465524
   0.05277799]
 [ 0.72568864  0.47898299 -0.05334155 ...  0.88331199  0.25655872
   0.01403622]
 [ 0.59562331  0.57080328 -0.05497721 ...  0.74729961  0.32217205
   0.02199863]]
y_train:
[135 252 244  64  55 108  51 218 175 226 190  15 208 234 220 170  59 219
  49  89  22  58 204 161 256 188 192 130  38 158 236 249   2  53 150 131
 152 104 100 117  88 203  75 215 211 122 260  21 189  72 107 103]
y_val:
[ 31 182 224 186 212 259 174 143  10 178  25 214  78 205 191 207 243   7
 221 105 115 120  20 202 180  47  76  46 155  16 237 229 145  34 197 102
 213  11 114  97  93 151  26 159  19 238 140  69  98 168  91 206  61 248
  17  56 126  74 227  80 183  39  67 141  68 230 247 116 110 112 166 187
 121 137 169 127  83 142  70   3 254  85 128 184  87 251 173  30 196 176
 195 149   6  57 138 160 147  66 144  86 225 216  32  13  36  29  43 125
 109 118  23 133  94 179 119  52 113 165  96 245 210  77  42 199 232  79
 156  27 255 177   1 253 101 257 185  99  37  62 235 148  12 258 209  28
 163   5 123  33 153 193 139  63 136 129 240 200  71 250  65  45 171 157
  41 124 154  24 198 194  82  40 223  48  95 201 162  44 146 181   4 106
  54 134 241 231 246  50 164  81  35 217   8 172 222 111  92  84 239 242
  90   9  14  60 228 132  18 167  73 233]
('X_train shape:', (52, 1404))
('y_train shape:', (52,))
('X_val shape:', (208, 1404))
('y_val shape:', (208,))
Training loss: 0.0
Validation loss: 0.0
Training accuracy: 0.0
Validation accuracy: 0.004807692486792803
